action_move_lit:
  ros__parameters:
    wp_0: [0.0, 0.0, 0.0, 0.0, 0.0, 0.0, 1.0]
    wp_1: [-4.7, -2.5, 0.0, 0.0, 0.0, 0.924, 0.383]
    wp_2: [-7.7, 0.0, 0.0, 0.0, 0.0, 0.707, 0.707]
    wp_3: [-8.0, 5.5, 0.0, 0.0, 0.0, -0.130, 0.991]
    wp_4: [-1.53841, 4.0, 0.0, 0.0, 0.0, 0.0579123, 0.998322]
    wp_5: [-1.0, 0.0, 0.0, 0.0, 0.0, 0.258819, 0.965926]
    wp_6: [-8.0, -1.5, 0.0, 0.0, 0.0, 0.707107, 0.707107]
    wp_7: [-8.0, 3.5, 0.0, 0.0, 0.0, 0.92388, 0.382683]
    wp_8: [0.0, 6.0, 0.0, 0.0, 0.0, 1.0, 0.0]
    wp_9: [-6.5, -1.5, 0.0, 0.0, 0.0, 0.866025, 0.5]
    wp_10: [-6.0, 4.5, 0.0, 0.0, 0.0, 0.707107, 0.707107]
