move:
  ros__parameters:
    wp_0: [0.0, 0.0, 0.0, 0.0, 0.0, 0.0, 1.0]
    wp_1: [-4.7, -2.5, 0.0, 0.0, 0.0, 0.924, 0.383]
    wp_2: [-7.7, 0.0, 0.0, 0.0, 0.0, 0.707, 0.707]
    wp_3: [-8.0, 5.5, 0.0, 0.0, 0.0, -0.130, 0.991]
    wp_4: [-1.53841, 4.0, 0.0, 0.0, 0.0, 0.0579123, 0.998322]
