action_move_dark:
  ros__parameters:
    wp_0:  [0.0, 0.0, 0.0, 0.0, 0.0, -0.970276, 0.242000]
    wp_1:  [-4.7, -2.5, 0.0, 0.0, 0.0,  0.940272, 0.340425]
    wp_2:  [-7.7, 0.0, 0.0, 0.0, 0.0,   0.726108, 0.687581]
    wp_3:  [-8.0, 5.5, 0.0, 0.0, 0.0,  -0.113803, 0.993503]
    wp_4:  [-1.53841, 4.0, 0.0, 0.0, 0.0, -0.658255, 0.752795]
    wp_5:  [-1.0, 0.0, 0.0, 0.0, 0.0,  -0.994435, 0.105351]
    wp_6:  [-8.0, -1.5, 0.0, 0.0, 0.0,  0.707107, 0.707107]
    wp_7:  [-8.0, 3.5, 0.0, 0.0, 0.0,   0.150864, 0.988554]
    wp_8:  [0.0, 6.0, 0.0, 0.0, 0.0,   -0.909651, 0.415373]
    wp_9:  [-6.5, -1.5, 0.0, 0.0, 0.0,  0.677109, 0.735882]
    wp_10: [-6.0, 4.5, 0.0, 0.0, 0.0,   0.677109, 0.735882]
